1
8
1 0 0 12
1 1 0 20
0 2 0 15
1 3 0 10
1 0 1 10
1 2 1 18
1 3 1 10
1 0 2 20
0 1 2 4
0 3 2 15
1 1 3 20
0 2 3 3
0 3 3 17
@
1 0 12
1 1 10
2 1 10
2 2 18
@
2
4
1 0 0 20
0 1 0 12
0 2 0 2
1 3 0 20
1 0 1 20
1 1 1 14
1 3 1 20
1 0 2 8
1 1 2 18
1 2 2 16
1 3 2 10
1 0 3 7
1 1 3 9
1 3 3 12
@
1 1 18
2 1 14
2 2 10
2 3 16
@
3
8
1 0 0 8
1 1 0 12
1 2 0 8
1 3 0 14
1 1 1 20
1 0 2 10
1 1 2 14
0 2 2 13
0 3 2 17
0 0 3 0
1 1 3 18
0 3 3 6
@
0 2 10
0 1 12
1 1 8
2 1 8
3 1 14
2 3 18
@
4
6
1 0 0 20
1 1 0 10
0 2 0 13
0 3 0 2
1 0 1 12
1 1 1 8
0 2 1 19
0 3 1 15
1 1 2 18
1 2 2 8
0 3 2 17
0 3 3 6
@
2 2 8
2 3 8
1 3 18
1 2 12
@
5
6
0 0 0 13
1 1 0 8
0 2 0 9
0 3 0 2
1 0 1 18
1 1 1 10
1 3 1 14
1 1 2 20
1 2 2 8
0 3 2 5
1 0 3 8
1 1 3 20
1 2 3 18
1 3 3 16
@
1 0 8
0 1 18
1 1 8
2 1 14
2 2 10
2 3 18
3 3 16
@
6
4
1 0 0 12
1 1 0 8
1 2 0 20
1 3 0 14
0 0 1 13
1 3 1 10
0 0 2 4
1 1 2 16
0 2 2 1
1 3 2 10
1 0 3 10
0 2 3 19
0 3 3 17
@
1 0 12
2 0 8
3 0 14
1 1 16
3 1 10
3 2 10
@
7
4
1 1 0 10
0 2 0 7
0 3 0 15
1 0 1 10
0 3 1 11
0 0 2 1
1 1 2 12
1 3 2 8
1 1 3 18
1 2 3 16
1 3 3 16
@
1 2 12
2 2 8
3 2 16
0 3 18
1 3 16
@
8
10
1 0 0 18
1 1 0 12
1 2 0 14
1 3 0 14
0 0 1 11
1 1 1 20
0 2 1 9
0 0 2 4
0 2 2 3
0 3 2 17
1 1 3 20
1 2 3 18
1 3 3 20
@
0 0 12
1 0 14
1 1 18
3 1 14
@